#Sphere Mesh TXT 
( -3.817773, -8.172178, -6.941806, 0.540845 )
( -3.635890, -9.762495, -7.812274, 0.009985 )
( -4.330074, -8.369249, -6.699207, 0.059275 )
( -2.168118, -8.047912, -6.161197, 0.000001 )
( -5.373739, -7.084972, -4.557304, 0.000000 )
( -5.205908, -6.564096, -5.011702, 0.000060 )
( -5.518901, -6.685288, -5.122679, 0.000001 )
( -3.758015, -8.063797, -6.304570, 0.000000 )
( -3.976513, -7.549639, -6.969426, 0.000007 )
( -5.215221, -6.282011, -5.698519, 0.000000 )
( -5.394155, -6.344437, -5.729786, 0.000002 )
( -4.283053, -7.399208, -7.356366, 0.000003 )
( -4.127418, -7.840160, -7.338374, 0.061967 )
( -0.649820, 10.089560, 5.907332, 0.163758 )
( -3.550192, -7.840963, -7.702608, 0.009945 )
( -3.228496, -9.349348, -7.400728, 0.142855 )
( 0.138804, 7.933159, 5.949615, 0.068348 )
( 4.687020, 10.716806, 8.285091, 0.515197 )
( -4.385879, -6.107029, -4.692333, 0.894398 )
( -3.264127, 3.118488, 3.514925, -0.033538 )
( -5.422874, -5.925175, -3.960944, 0.169282 )
( -3.090769, -7.199268, -5.672264, -0.774302 )
( 4.353568, 8.738020, 7.818476, 1.063116 )
( -3.123510, -7.303077, -5.711324, -0.679170 )
( -3.540620, -5.764985, -5.148989, 0.125401 )
( -4.307135, -5.521773, -4.071235, -0.037375 )
( -4.452268, 11.825023, 0.643995, 0.184031 )
( -3.320740, -6.173301, -3.699086, 0.259100 )
( -3.852961, 12.568168, 1.869914, 0.000000 )
( 4.128206, 6.526042, 5.870515, 0.000000 )
( -2.944554, -6.062519, -4.430859, 0.571128 )
( -3.360403, 8.662375, 4.382466, 0.335041 )
( -3.146163, -7.103660, -5.572191, 0.923380 )
( -2.107267, -8.429572, -7.034546, 0.002136 )
( -2.121570, -4.966466, -4.838092, 0.009945 )
( -2.052481, -5.442788, -5.715225, 0.009963 )
( -2.063648, -4.964791, -4.573505, 0.201585 )
( -2.598168, -7.729524, -6.979975, 0.009765 )
( -5.046047, 7.949315, 4.797355, 0.213597 )
( -3.117352, -5.016611, -3.986617, 0.100753 )
( -0.705230, -5.565614, -4.313802, 1.077150 )
( -4.246058, 11.892944, -2.102673, 0.011085 )
( -0.627980, -5.830255, -4.811007, -0.508630 )
( -0.890731, -5.975063, -4.611784, -0.537844 )
( -1.138409, -5.629035, -2.588946, 0.009966 )
( 0.459371, 4.857552, 4.841891, -0.310379 )
( 1.918762, -8.890674, -6.262725, 0.009891 )
( -0.050436, -8.003161, -5.931890, 1.301684 )
( -0.427253, -9.805470, -6.709863, 0.112842 )
( 1.318067, -9.865294, -7.023721, 0.009954 )
( -0.101680, 6.436082, 5.491773, 0.662339 )
( -1.265489, -8.663078, -7.448442, 0.009923 )
( 0.118280, -7.462867, -6.061529, -0.721004 )
( -0.700690, -6.143347, -5.025015, -0.160843 )
( -0.077172, -4.382763, -3.388107, 0.009888 )
( 9.714602, 1.876487, -3.544815, 0.521122 )
( 3.319110, 3.433998, 4.382314, -0.078634 )
( -3.924481, 11.970644, 1.074835, 0.215267 )
( -2.788256, -6.752859, -4.058048, 0.009200 )
( 0.444050, -5.633944, -4.429225, 0.063416 )
( 9.383466, -0.009617, -2.932662, -0.770195 )
( -0.140399, -7.077081, -5.559467, -0.299478 )
( -6.884625, 5.024939, -3.607802, 0.152065 )
( 0.280413, -7.751961, -6.060848, -0.866721 )
( -1.527694, -6.093545, -6.582076, 0.000243 )
( 1.144682, 3.368657, 4.108514, 0.143927 )
( -3.777550, 2.916780, 3.974882, 0.751765 )
( 0.059961, -7.744539, -6.104033, -0.971977 )
( 10.210332, 2.818681, -3.947330, -0.354434 )
( 0.283290, -7.639888, -6.222125, -0.729340 )
( 0.326645, 8.821890, 6.126837, 0.857144 )
( -1.560776, -9.427221, -5.980525, 0.009959 )
( -0.143087, -7.741544, -6.138933, -0.955425 )
( 3.412656, 7.780541, 8.681525, 0.000057 )
( 10.304012, 2.759752, -3.896109, 0.476386 )
( 5.904722, -4.345947, -3.524257, -0.525757 )
( 1.791447, -5.484675, -4.444184, -0.250031 )
( 1.805723, -5.474167, -4.457121, -0.259071 )
( 1.784874, -5.521115, -4.463266, -0.273437 )
( 7.556273, -0.507266, -2.793993, 0.009878 )
( 0.988560, -4.587373, -3.630301, 0.058388 )
( 2.182212, -5.339778, -2.683474, 0.009821 )
( 4.843281, 4.442933, 5.883415, 0.000000 )
( 1.364253, -5.798898, -2.726269, 0.009948 )
( 3.196696, -6.178691, -4.960415, 0.261317 )
( 2.132920, -5.274835, -4.649099, -0.279227 )
( 1.759543, 2.954332, 3.953866, 0.009717 )
( 2.249883, -7.581513, -5.157240, 0.009883 )
( 2.224360, -6.700323, -6.200504, 0.009913 )
( 3.169979, -5.516549, -4.477192, -0.153457 )
( 2.194619, -5.816548, -4.686543, 0.825727 )
( nan, nan, nan, nan )
( 2.525368, -6.776703, -6.040581, 0.282469 )
( 1.828430, -5.791766, -4.442067, -0.384731 )
( 3.508371, 7.964559, 6.395791, 0.009917 )
( -3.425916, 3.180469, 3.530458, -0.126712 )
( 3.287207, 3.065771, 5.042309, -0.030698 )
( 3.486700, -5.178618, -3.921392, -0.069053 )
( 3.537200, -6.465423, -4.751989, 0.230211 )
( 3.033909, -5.173935, -3.084806, 0.009868 )
( 4.653109, 11.664528, 8.455817, 0.448376 )
( 4.077419, -6.955621, -4.871452, 0.461109 )
( -3.400896, 8.028218, 3.778387, 0.009916 )
( 4.413513, -6.717040, -4.785321, -0.040041 )
( 3.894267, -6.334327, -4.928514, 0.189127 )
( 3.482683, -5.579500, -4.215320, 0.566161 )
( 5.953311, -4.494510, -3.586050, 0.693835 )
( 5.005883, -6.729036, -3.793245, 0.009917 )
( 4.078031, 1.197023, 3.503339, -0.541389 )
( 3.480349, -8.223271, -4.809645, 0.133303 )
( 4.176287, 3.208487, 4.662171, 1.008111 )
( -3.963126, 2.894143, 3.622855, -0.353175 )
( -3.826327, 4.656636, 4.212453, 0.664421 )
( 5.019394, -5.951068, -4.711274, 0.131922 )
( 0.112490, -9.015731, -6.733594, 0.000074 )
( 1.511613, -9.092143, -6.865634, 0.000000 )
( -0.275661, -8.380235, -7.712635, 0.000006 )
( 0.133232, -9.375596, -7.724672, -0.649030 )
( 0.807626, 6.141202, 6.284140, 0.000000 )
( -5.059975, 11.067704, 2.789092, 0.000000 )
( 2.828565, 2.843186, 3.273341, 0.009958 )
( -0.005247, -9.345050, -7.726080, 0.790845 )
( 3.118586, -8.761517, -7.954871, 0.076838 )
( -6.092165, 5.436984, 0.927137, 0.009898 )
( -0.063290, -8.729291, -8.388346, 0.000002 )
( 1.529958, -8.548760, -7.847748, 0.000000 )
( 3.557828, 6.643089, 5.845796, 0.439327 )
( 2.193601, -7.871584, -7.030158, 0.000000 )
( -0.019236, 11.428179, 6.579403, 0.083910 )
( 3.179588, -7.724797, -6.379240, -0.546956 )
( -4.179361, 11.948492, 1.523282, 0.301027 )
( 3.366681, -8.077571, -6.278409, -0.442812 )
( 5.300660, 6.792968, 8.257622, 0.009810 )
( 0.217417, 9.008580, 6.261952, -0.602114 )
( 8.845990, -1.117863, -3.867991, 0.141940 )
( 2.946660, -8.128458, -6.330772, -0.386549 )
( 3.173434, -7.886544, -6.323283, 0.718220 )
( 7.575049, -2.032869, -2.291659, -0.145423 )
( -4.216576, 11.951501, -1.810796, 0.049499 )
( 1.255008, 4.060311, 6.138827, 0.000000 )
( 10.367479, 4.231146, -4.603366, 0.250841 )
( -6.914900, 4.945654, 0.395301, 0.019695 )
( -0.250876, 4.228324, 4.928538, -0.450036 )
( -1.861711, -9.162124, -7.405477, -0.505363 )
( -1.920225, -9.590921, -7.516812, 0.952226 )
( -2.009973, -9.182266, -7.473338, -0.531580 )
( 4.042047, 12.939308, 8.219958, 0.009912 )
( -6.803537, 5.449964, -2.052082, 0.316627 )
( -3.721536, 2.939044, 3.860054, -0.622078 )
( -2.365119, -9.320518, -7.574587, -0.428407 )
( 4.064193, 8.338109, 7.866338, -0.567175 )
( -2.953813, 1.677556, 2.878570, -0.089573 )
( 9.303293, -0.137589, -2.929894, 0.921232 )
( -1.926854, -9.158675, -7.466483, -0.517009 )
( 10.399095, 2.459734, -3.782389, -0.141746 )
( 9.464831, -2.350647, -2.299170, 0.000001 )
( -3.486793, 4.648555, 3.724087, -0.069567 )
( -4.785220, -5.114042, -3.132854, -0.271418 )
( -6.906978, -0.648324, 2.535648, 0.000006 )
( -7.302937, 0.352115, 2.626576, 0.009994 )
( -6.764210, 0.531040, 1.978605, -0.017461 )
( -5.104074, -5.244988, -3.288025, 0.649429 )
( 4.672392, 12.882111, 8.943610, 0.421585 )
( -5.297125, -3.346984, -1.390334, 0.162915 )
( 0.061493, 16.869260, 5.429013, 0.765527 )
( 9.405552, -1.815299, -3.554605, 0.009922 )
( -5.380070, -3.757466, -1.816165, 0.434335 )
( -6.259461, 4.902310, -3.310836, 0.185904 )
( -5.430025, -2.950357, -1.031291, 0.388344 )
( -6.264051, -0.687258, 1.218721, 0.862079 )
( -5.815075, -2.479298, -1.397956, 0.000003 )
( 8.060862, -1.850589, -2.947783, -0.746498 )
( 0.075245, 8.259632, 6.182577, -0.238724 )
( -4.548931, -0.480303, 2.460908, 0.009849 )
( -6.332423, 1.260793, 2.114163, -0.341105 )
( -5.747903, 0.845782, 1.781727, 0.039050 )
( -6.507982, -0.059101, 1.669908, -0.051121 )
( -6.247028, -1.011257, 1.588267, -0.370317 )
( -7.550401, 0.087793, 1.770823, 0.009956 )
( 0.281977, 11.205954, 6.535641, 0.216270 )
( 4.903410, 15.300361, 8.576107, 0.141595 )
( -4.728096, -0.049462, 2.372315, 0.009757 )
( 7.064881, -3.014788, -3.259948, 0.726255 )
( -2.765735, -4.261647, -2.846544, -0.427157 )
( -2.519876, -4.703327, -2.765698, 0.939079 )
( 7.997817, -1.736386, -2.852701, 0.907921 )
( -3.472587, 0.979582, 2.728873, -0.818380 )
( -4.421422, 10.626722, 2.590893, 0.622895 )
( -2.886407, 2.212536, 3.444201, 0.249022 )
( -3.374068, 0.831115, 2.617945, -0.915802 )
( 5.294210, -4.988445, -3.631904, 0.131083 )
( -2.466295, -4.757855, -2.673404, -0.819236 )
( 4.189539, -5.628934, -2.780131, 0.009635 )
( -1.313497, -5.315732, -2.331107, 0.009859 )
( -2.560393, -3.759632, -1.885074, 0.352316 )
( -4.408145, 12.410327, 0.039700, 0.440332 )
( -3.897087, -5.211908, -3.286214, 0.000004 )
( -0.055555, 4.284215, 4.746743, -0.582593 )
( -1.529179, -4.169368, -3.233043, 0.009809 )
( -3.112511, -3.018645, -1.315527, 0.405195 )
( -2.955518, -2.424834, -0.514110, 0.181738 )
( -2.782406, -1.951512, 0.045222, 0.571158 )
( -3.033125, -1.920808, -0.026841, -0.308488 )
( 3.035304, 4.201196, 3.663618, 0.000058 )
( -3.868203, -0.855399, 0.089394, 0.000000 )
( 0.036197, 18.192810, 4.292875, 0.241554 )
( -6.724087, 5.445935, -2.713000, 0.349061 )
( -3.855652, -0.510227, 2.961601, 0.000029 )
( -5.470304, 12.840123, 1.347899, 0.000000 )
( -2.784877, 0.188087, 2.499141, -0.465165 )
( -3.763824, 0.673169, 2.501694, -0.688376 )
( 0.334299, 4.144651, 4.944263, 1.041372 )
( -3.338336, 0.601690, 2.833992, 1.232959 )
( 3.711371, 4.528821, 5.233612, 0.503832 )
( -4.148707, 2.331192, 2.329339, 0.007203 )
( 4.263522, 4.014252, 4.365841, -0.145164 )
( 0.450547, 17.052120, 5.641306, -0.286081 )
( -6.264589, 4.163513, -4.042005, 0.115000 )
( nan, nan, nan, nan )
( -2.789668, 1.682012, 4.284341, 0.009855 )
( -4.126105, 9.064765, 3.596690, -0.085006 )
( -3.446455, 8.349392, 5.402603, 0.000000 )
( -0.588695, -4.281284, -2.444580, 0.288043 )
( -6.130656, 5.199069, -3.855219, 0.167838 )
( -0.251209, 4.000595, 5.038361, -0.431106 )
( 0.398694, 15.995196, 5.286684, 0.182075 )
( -0.386035, -4.390874, -2.525907, -0.043717 )
( -0.119718, 2.177410, 3.799939, 1.279327 )
( 0.028072, 2.242984, 3.411792, -0.858850 )
( -4.106323, 6.890748, 4.599737, 0.394364 )
( -0.206889, 2.341946, 3.826207, -1.091282 )
( 4.139648, 3.440951, 4.239830, -0.524631 )
( 0.074806, 15.246343, 6.011975, -0.174717 )
( 0.234492, -4.050238, -2.135018, -0.092215 )
( 1.149233, -5.038485, -3.340629, 0.053085 )
( -0.175721, 11.157068, 6.464750, 0.249458 )
( 0.361508, -4.470954, -2.641532, 0.524566 )
( 0.038079, -2.338945, -0.468945, 0.513101 )
( -0.092109, -3.186824, -1.811242, 1.070470 )
( 4.844825, 13.496106, 8.602711, 0.301557 )
( 3.980134, 6.687263, 6.990245, -0.378259 )
( 0.855434, -2.673700, -0.906959, 0.000012 )
( 1.294161, 9.833743, 7.316994, 0.000000 )
( -0.143687, -1.552805, 0.333464, 0.624843 )
( 1.621111, 2.000308, 3.513935, 0.009331 )
( 0.059985, -0.874251, 0.889713, 0.275896 )
( nan, nan, nan, nan )
( -0.363743, -0.502067, 0.786126, 0.297512 )
( 0.086443, 13.925998, 6.198681, 0.461787 )
( 0.678131, 11.213561, 7.136483, 0.503457 )
( -0.008344, 2.470707, 2.352702, 0.201525 )
( 0.110541, 1.690244, 3.333026, -0.566334 )
( -4.713172, 9.069317, 4.047360, 0.825122 )
( 0.323764, 1.626665, 3.048234, -0.247310 )
( -0.057917, 1.715321, 3.379581, -0.651595 )
( 0.604269, 9.562101, 6.064608, -0.064138 )
( 0.309805, 2.229981, 3.850664, -0.843635 )
( -0.234627, 1.662074, 3.142634, -0.436222 )
( 2.971750, 2.023182, 5.180378, 0.000001 )
( -3.301584, 8.260314, 3.739463, 0.171937 )
( 1.097468, -5.513984, -2.521389, 0.000003 )
( 4.958874, 15.267800, 8.460225, -0.009062 )
( -7.189116, 4.510547, 0.626358, 0.291103 )
( -0.139598, 15.367430, 5.785566, 0.509219 )
( -4.918600, 7.894207, 4.017535, 0.305989 )
( 10.382386, 4.232423, -4.590859, -0.231340 )
( -0.111963, 11.335468, 6.735039, 0.080614 )
( -3.887345, 9.222289, 4.645030, 0.205704 )
( -6.660014, 4.747012, 0.303028, 0.316370 )
( -4.184575, 12.178216, -0.080128, -0.096504 )
( 3.338221, 1.446948, 2.966123, -0.815466 )
( 3.436317, 1.445012, 2.876177, -0.784678 )
( 3.545953, 1.433273, 2.903357, -0.807234 )
( 0.117437, 14.104411, 6.227168, -0.278475 )
( 7.992414, -1.764096, -2.740887, -0.792599 )
( 3.398587, -4.186829, -3.741083, 0.009934 )
( 4.552257, -5.465058, -4.608828, 0.009861 )
( 0.140374, 16.913107, 5.281864, -0.592907 )
( 2.943043, -2.712055, -0.881977, 0.309850 )
( 3.086062, -3.410347, -1.532932, -0.085074 )
( -4.000358, 5.931966, 4.272830, 0.624144 )
( 2.533383, -3.307723, -1.509838, 0.647674 )
( -0.470637, 11.706270, 7.631399, 0.000013 )
( 4.000053, 6.227061, 6.971061, 0.839291 )
( 2.968717, -1.919512, -0.158130, 0.181817 )
( 3.281487, -1.478572, 0.366438, 0.571458 )
( 3.029925, -1.412469, 0.328870, -0.308657 )
( -6.673316, 3.149033, 1.234602, 0.457514 )
( -0.003382, 18.341466, 3.896255, 0.183855 )
( 4.492934, -5.283566, -2.617297, 0.000002 )
( -6.476231, 1.168755, 1.732526, 0.759194 )
( 3.441508, 1.206644, 2.564529, -0.616432 )
( -0.615265, 18.381525, 3.182743, 0.000002 )
( 3.712755, 0.765729, 2.572327, -0.501267 )
( 0.154688, 4.059898, 4.882555, -0.833404 )
( 9.743925, -1.589868, -2.228609, 0.009973 )
( 3.475736, 1.110748, 3.173246, 1.233606 )
( 4.682012, 2.258609, 4.479118, 0.083464 )
( 4.109879, 5.909806, 6.373025, -0.153463 )
( 3.600010, 1.045322, 2.631810, -0.674251 )
( 14, 15, 0 )
( 0, 1, 2 )
( 1, 3, 2 )
( 2, 3, 7 )
( 2, 7, 4 )
( 4, 5, 6 )
( 4, 7, 5 )
( 5, 7, 8 )
( 5, 8, 9 )
( 6, 5, 9 )
( 6, 9, 10 )
( 10, 9, 11 )
( 10, 11, 12 )
( 9, 8, 12 )
( 9, 12, 11 )
( 11, 12, 14 )
( 12, 11, 14 )
( 12, 3, 15 )
( 12, 8, 7 )
( 12, 7, 3 )
( 15, 3, 1 )
( 10, 12, 2 )
( 10, 2, 6 )
( 12, 0, 2 )
( 6, 2, 4 )
( 0, 12, 14 )
( 14, 12, 15 )
( 1, 0, 15 )
( 18, 21, 14 )
( 18, 14, 23 )
( 18, 23, 24 )
( 20, 18, 24 )
( 20, 24, 25 )
( 25, 24, 27 )
( 24, 23, 21 )
( 24, 21, 30 )
( 27, 24, 30 )
( 27, 30, 39 )
( 30, 21, 32 )
( 30, 32, 33 )
( 30, 33, 34 )
( 39, 30, 34 )
( 39, 34, 36 )
( 36, 34, 35 )
( 34, 33, 37 )
( 34, 37, 35 )
( 35, 37, 21 )
( 35, 21, 18 )
( 36, 35, 18 )
( 36, 18, 20 )
( 21, 37, 32 )
( 21, 32, 14 )
( 37, 33, 32 )
( 32, 21, 23 )
( 14, 32, 23 )
( 36, 20, 39 )
( 39, 20, 25 )
( 39, 25, 27 )
( 40, 42, 43 )
( 43, 42, 44 )
( 46, 47, 48 )
( 46, 48, 49 )
( 47, 71, 33 )
( 47, 33, 48 )
( 48, 33, 51 )
( 48, 51, 52 )
( 49, 48, 52 )
( 53, 35, 34 )
( 53, 34, 54 )
( 54, 34, 40 )
( 40, 34, 36 )
( 34, 35, 58 )
( 34, 58, 36 )
( 36, 58, 42 )
( 40, 36, 42 )
( 53, 54, 40 )
( 53, 40, 59 )
( 59, 40, 43 )
( 44, 42, 61 )
( 44, 61, 47 )
( 43, 44, 47 )
( 43, 47, 63 )
( 42, 58, 61 )
( 58, 35, 61 )
( 61, 35, 64 )
( 35, 53, 67 )
( 35, 67, 64 )
( 59, 43, 63 )
( 59, 63, 69 )
( 53, 59, 69 )
( 53, 69, 67 )
( 47, 61, 71 )
( 63, 47, 46 )
( 61, 72, 71 )
( 61, 64, 72 )
( 72, 51, 33 )
( 71, 72, 33 )
( 64, 67, 72 )
( 72, 67, 52 )
( 72, 52, 51 )
( 67, 69, 52 )
( 69, 63, 46 )
( 69, 46, 49 )
( 52, 69, 49 )
( 76, 77, 78 )
( 77, 80, 78 )
( 78, 80, 81 )
( 78, 81, 76 )
( 76, 81, 83 )
( 76, 83, 84 )
( 81, 85, 83 )
( 83, 85, 87 )
( 84, 83, 87 )
( 84, 87, 89 )
( 89, 87, 88 )
( 87, 85, 90 )
( 87, 90, 88 )
( 89, 88, 90 )
( 89, 90, 92 )
( 92, 90, 93 )
( 90, 77, 93 )
( 93, 77, 76 )
( 77, 59, 80 )
( 77, 90, 59 )
( 59, 90, 85 )
( 80, 59, 85 )
( 80, 85, 81 )
( 92, 93, 97 )
( 92, 97, 89 )
( 93, 76, 78 )
( 93, 78, 97 )
( 97, 78, 76 )
( 97, 76, 84 )
( 89, 97, 84 )
( 105, 99, 98 )
( 99, 105, 109 )
( 98, 99, 109 )
( 109, 105, 103 )
( 103, 105, 84 )
( 104, 84, 105 )
( 104, 113, 89 )
( 104, 105, 98 )
( 89, 113, 107 )
( 89, 107, 101 )
( 109, 103, 101 )
( 109, 101, 103 )
( 103, 84, 101 )
( 104, 98, 113 )
( 98, 107, 113 )
( 98, 109, 107 )
( 109, 103, 101 )
( 103, 101, 89 )
( 103, 89, 101 )
( 101, 84, 104 )
( 101, 104, 89 )
( 107, 109, 101 )
( 125, 116, 114 )
( 125, 114, 115 )
( 116, 117, 114 )
( 115, 114, 117 )
( 115, 117, 49 )
( 49, 117, 48 )
( 49, 48, 121 )
( 49, 121, 122 )
( 122, 121, 124 )
( 122, 124, 125 )
( 121, 51, 124 )
( 124, 51, 116 )
( 125, 124, 116 )
( 116, 51, 117 )
( 51, 121, 48 )
( 51, 48, 117 )
( 125, 127, 122 )
( 125, 115, 127 )
( 115, 46, 127 )
( 115, 49, 46 )
( 49, 129, 46 )
( 49, 122, 129 )
( 129, 122, 131 )
( 122, 127, 88 )
( 122, 88, 136 )
( 127, 92, 88 )
( 127, 46, 87 )
( 127, 87, 92 )
( 46, 129, 87 )
( 46, 129, 131 )
( 46, 131, 129 )
( 135, 136, 88 )
( 135, 88, 136 )
( 135, 109, 131 )
( 136, 88, 92 )
( 136, 92, 87 )
( 136, 87, 109 )
( 109, 87, 129 )
( 109, 129, 131 )
( 135, 136, 109 )
( 122, 136, 135 )
( 131, 122, 135 )
( 37, 144, 143 )
( 143, 144, 145 )
( 145, 15, 71 )
( 71, 15, 1 )
( 71, 1, 149 )
( 145, 71, 149 )
( 145, 149, 143 )
( 143, 149, 153 )
( 149, 1, 144 )
( 149, 144, 153 )
( 153, 144, 37 )
( 144, 1, 15 )
( 144, 15, 145 )
( 153, 37, 143 )
( 161, 25, 157 )
( 161, 157, 20 )
( 20, 157, 161 )
( 178, 158, 159 )
( 159, 177, 160 )
( 178, 159, 160 )
( 166, 163, 25 )
( 166, 25, 161 )
( 25, 163, 58 )
( 58, 163, 157 )
( 161, 157, 168 )
( 161, 168, 166 )
( 163, 166, 170 )
( 166, 168, 169 )
( 170, 166, 169 )
( 166, 169, 178 )
( 169, 166, 178 )
( 169, 168, 173 )
( 169, 173, 158 )
( 169, 158, 178 )
( 163, 168, 175 )
( 163, 175, 174 )
( 174, 175, 176 )
( 170, 169, 177 )
( 177, 169, 160 )
( 169, 178, 160 )
( 168, 157, 163 )
( 158, 173, 181 )
( 173, 168, 163 )
( 173, 163, 174 )
( 181, 173, 174 )
( 181, 174, 176 )
( 177, 159, 176 )
( 159, 158, 181 )
( 159, 181, 176 )
( 168, 170, 177 )
( 168, 177, 175 )
( 175, 177, 176 )
( 163, 170, 168 )
( 157, 25, 58 )
( 39, 191, 184 )
( 39, 184, 183 )
( 188, 212, 189 )
( 186, 188, 189 )
( 199, 194, 191 )
( 199, 191, 39 )
( 191, 184, 193 )
( 184, 194, 198 )
( 184, 198, 193 )
( 193, 198, 194 )
( 199, 39, 196 )
( 39, 183, 196 )
( 196, 183, 27 )
( 199, 196, 27 )
( 27, 194, 201 )
( 27, 201, 200 )
( 198, 194, 201 )
( 194, 198, 201 )
( 194, 201, 202 )
( 194, 199, 202 )
( 199, 27, 200 )
( 200, 201, 207 )
( 200, 207, 173 )
( 201, 194, 200 )
( 202, 199, 204 )
( 199, 200, 173 )
( 199, 173, 181 )
( 204, 199, 181 )
( 207, 201, 209 )
( 207, 209, 186 )
( 173, 207, 186 )
( 202, 201, 210 )
( 202, 210, 209 )
( 201, 200, 212 )
( 201, 212, 210 )
( 202, 204, 189 )
( 202, 189, 214 )
( 214, 189, 212 )
( 204, 181, 189 )
( 181, 173, 186 )
( 189, 181, 186 )
( 183, 191, 193 )
( 183, 193, 194 )
( 183, 194, 27 )
( 201, 194, 202 )
( 186, 209, 219 )
( 209, 201, 202 )
( 219, 209, 210 )
( 212, 188, 151 )
( 188, 186, 219 )
( 188, 219, 151 )
( 151, 219, 210 )
( 212, 151, 210 )
( 200, 202, 214 )
( 200, 214, 212 )
( 194, 202, 200 )
( 191, 194, 184 )
( 183, 184, 191 )
( 222, 233, 54 )
( 222, 54, 193 )
( 222, 193, 44 )
( 44, 226, 238 )
( 44, 193, 226 )
( 198, 237, 233 )
( 198, 233, 222 )
( 234, 233, 236 )
( 234, 236, 260 )
( 233, 237, 241 )
( 233, 241, 236 )
( 236, 241, 238 )
( 198, 222, 226 )
( 198, 226, 237 )
( 226, 222, 44 )
( 226, 44, 238 )
( 237, 226, 238 )
( 241, 237, 244 )
( 238, 241, 244 )
( 238, 244, 245 )
( 237, 198, 247 )
( 237, 238, 243 )
( 243, 250, 251 )
( 244, 237, 245 )
( 198, 237, 247 )
( 237, 243, 251 )
( 237, 251, 257 )
( 247, 237, 257 )
( 251, 250, 228 )
( 251, 228, 227 )
( 245, 244, 253 )
( 245, 253, 254 )
( 244, 245, 254 )
( 244, 254, 253 )
( 253, 254, 256 )
( 254, 253, 256 )
( 247, 251, 257 )
( 257, 251, 230 )
( 247, 257, 251 )
( 257, 251, 227 )
( 251, 257, 227 )
( 251, 227, 230 )
( 193, 260, 236 )
( 193, 236, 226 )
( 226, 236, 238 )
( 243, 238, 245 )
( 250, 243, 245 )
( 250, 245, 254 )
( 228, 250, 254 )
( 228, 254, 256 )
( 230, 227, 256 )
( 230, 256, 65 )
( 227, 228, 256 )
( 245, 253, 254 )
( 245, 247, 257 )
( 245, 257, 253 )
( 253, 257, 230 )
( 253, 230, 65 )
( 254, 253, 65 )
( 254, 65, 256 )
( 237, 247, 245 )
( 193, 54, 234 )
( 193, 234, 260 )
( 54, 233, 234 )
( 80, 275, 99 )
( 80, 99, 83 )
( 83, 99, 81 )
( 83, 81, 281 )
( 270, 271, 272 )
( 272, 296, 120 )
( 270, 272, 120 )
( 281, 278, 275 )
( 281, 275, 80 )
( 97, 276, 192 )
( 276, 278, 279 )
( 276, 279, 192 )
( 281, 80, 234 )
( 281, 234, 278 )
( 80, 83, 234 )
( 234, 83, 281 )
( 278, 234, 281 )
( 281, 279, 285 )
( 281, 285, 284 )
( 279, 278, 285 )
( 279, 285, 286 )
( 278, 281, 286 )
( 278, 281, 284 )
( 284, 285, 291 )
( 284, 291, 271 )
( 285, 278, 284 )
( 286, 281, 244 )
( 281, 278, 244 )
( 278, 284, 271 )
( 278, 271, 299 )
( 244, 278, 299 )
( 291, 285, 293 )
( 291, 293, 271 )
( 286, 285, 293 )
( 286, 293, 291 )
( 285, 284, 296 )
( 285, 296, 293 )
( 293, 296, 297 )
( 291, 293, 297 )
( 286, 244, 299 )
( 286, 299, 270 )
( 270, 299, 120 )
( 270, 120, 296 )
( 299, 271, 270 )
( 299, 270, 120 )
( 81, 97, 192 )
( 81, 192, 279 )
( 81, 279, 281 )
( 285, 279, 286 )
( 271, 293, 272 )
( 293, 285, 286 )
( 293, 286, 291 )
( 272, 293, 291 )
( 272, 291, 297 )
( 296, 272, 108 )
( 108, 272, 297 )
( 296, 108, 297 )
( 284, 286, 270 )
( 284, 270, 296 )
( 278, 286, 284 )
( 275, 278, 276 )
( 81, 99, 97 )
( 99, 275, 276 )
( 99, 276, 97 )
( 239, 146, 162 )
( 180, 146, 239 )
( 180, 261, 146 )
( 146, 261, 239 )
( 261, 180, 162 )
( 180, 239, 162 )
( 239, 261, 162 )
( 146, 239, 162 )
( 164, 277, 225 )
( 205, 292, 288 )
( 205, 288, 216 )
( 288, 205, 216 )
( 216, 205, 277 )
( 205, 164, 277 )
( 205, 216, 164 )
( 205, 288, 292 )
( 164, 205, 225 )
( 205, 164, 225 )
( 164, 225, 277 )
( 164, 216, 277 )
( 225, 263, 232 )
( 249, 128, 179 )
( 249, 266, 13 )
( 249, 13, 128 )
( 248, 263, 225 )
( 263, 248, 232 )
( 232, 248, 273 )
( 248, 225, 273 )
( 273, 225, 232 )
( 273, 282, 249 )
( 273, 248, 266 )
( 249, 282, 266 )
( 266, 248, 235 )
( 248, 273, 249 )
( 248, 249, 179 )
( 282, 273, 266 )
( 13, 266, 235 )
( 128, 13, 235 )
( 248, 179, 235 )
( 235, 179, 128 )
( 141, 268, 123 )
( 123, 268, 262 )
( 176, 160, 175 )
( 160, 178, 175 )
( 175, 178, 174 )
( 268, 287, 262 )
( 141, 123, 287 )
( 287, 268, 290 )
( 287, 290, 178 )
( 268, 141, 290 )
( 141, 287, 290 )
( 287, 176, 175 )
( 290, 287, 175 )
( 176, 287, 159 )
( 176, 159, 160 )
( 287, 178, 159 )
( 290, 175, 174 )
( 123, 262, 287 )
( 178, 160, 159 )
( 290, 174, 178 )
( 255, 70, 133 )
( 255, 133, 242 )
( 197, 211, 65 )
( 172, 13, 255 )
( 255, 13, 70 )
( 13, 172, 70 )
( 70, 172, 133 )
( 172, 255, 242 )
( 172, 242, 16 )
( 16, 242, 133 )
( 133, 172, 16 )
( 16, 118, 45 )
( 172, 16, 45 )
( 16, 172, 50 )
( 16, 50, 224 )
( 172, 45, 50 )
( 172, 86, 45 )
( 172, 45, 86 )
( 118, 16, 224 )
( 118, 224, 139 )
( 139, 224, 197 )
( 224, 50, 294 )
( 224, 294, 197 )
( 45, 86, 211 )
( 45, 118, 139 )
( 45, 139, 197 )
( 45, 197, 65 )
( 86, 45, 65 )
( 86, 65, 211 )
( 211, 224, 142 )
( 211, 197, 224 )
( 224, 197, 294 )
( 142, 224, 294 )
( 294, 50, 142 )
( 50, 45, 142 )
( 142, 45, 211 )
( 283, 132, 126 )
( 283, 94, 132 )
( 297, 258, 120 )
( 297, 120, 110 )
( 110, 120, 231 )
( 283, 29, 94 )
( 283, 126, 82 )
( 126, 298, 96 )
( 126, 96, 108 )
( 82, 126, 108 )
( 298, 213, 96 )
( 29, 215, 213 )
( 29, 283, 215 )
( 283, 82, 215 )
( 82, 108, 110 )
( 108, 96, 258 )
( 108, 258, 297 )
( 110, 108, 297 )
( 96, 213, 56 )
( 213, 86, 56 )
( 215, 82, 110 )
( 215, 110, 231 )
( 132, 240, 298 )
( 298, 126, 132 )
( 231, 120, 56 )
( 120, 258, 96 )
( 120, 96, 56 )
( 213, 203, 86 )
( 213, 215, 203 )
( 203, 215, 231 )
( 203, 231, 56 )
( 86, 203, 56 )
( 298, 29, 213 )
( 94, 29, 298 )
( 94, 298, 240 )
( 132, 94, 240 )
( 57, 130, 28 )
( 31, 267, 259 )
( 267, 252, 259 )
( 259, 252, 38 )
( 259, 38, 102 )
( 28, 119, 187 )
( 208, 26, 119 )
( 57, 28, 187 )
( 187, 119, 220 )
( 187, 220, 31 )
( 26, 264, 119 )
( 26, 57, 187 )
( 26, 187, 264 )
( 187, 31, 259 )
( 31, 220, 267 )
( 220, 119, 252 )
( 119, 264, 252 )
( 187, 259, 102 )
( 130, 208, 28 )
( 119, 28, 208 )
( 252, 267, 220 )
( 264, 187, 102 )
( 264, 102, 38 )
( 264, 38, 252 )
( 130, 57, 26 )
( 130, 26, 208 )
( 165, 295, 152 )
( 295, 60, 152 )
( 152, 79, 165 )
( 55, 154, 68 )
( 154, 74, 68 )
( 55, 68, 74 )
( 55, 74, 152 )
( 55, 152, 295 )
( 74, 154, 79 )
( 74, 79, 60 )
( 74, 60, 152 )
( 295, 152, 60 )
( 134, 55, 165 )
( 134, 165, 79 )
( 165, 55, 295 )
( 79, 152, 60 )
( 154, 55, 134 )
( 154, 134, 79 )
( 138, 269, 195 )
( 138, 195, 26 )
( 138, 195, 269 )
( 138, 26, 195 )
( 195, 26, 269 )
( 26, 195, 269 )
( 31, 259, 221 )
( 221, 259, 38 )
( 221, 38, 267 )
( 148, 219, 188 )
( 219, 66, 188 )
( 188, 66, 214 )
( 188, 214, 19 )
( 102, 229, 259 )
( 102, 259, 31 )
( 264, 229, 280 )
( 264, 280, 229 )
( 102, 31, 267 )
( 31, 221, 267 )
( 102, 267, 280 )
( 280, 95, 148 )
( 280, 229, 112 )
( 229, 102, 156 )
( 229, 156, 112 )
( 102, 280, 156 )
( 156, 280, 148 )
( 148, 95, 219 )
( 280, 112, 95 )
( 95, 112, 111 )
( 156, 19, 151 )
( 151, 19, 214 )
( 156, 148, 19 )
( 19, 148, 188 )
( 267, 38, 280 )
( 280, 38, 229 )
( 219, 95, 66 )
( 66, 95, 111 )
( 214, 66, 111 )
( 112, 156, 151 )
( 112, 151, 111 )
( 111, 151, 214 )
( 259, 229, 264 )
( 38, 259, 264 )
( 38, 264, 229 )
( 223, 62, 167 )
( 217, 62, 223 )
( 62, 217, 167 )
( 167, 217, 223 )
( 91, 218, 246 )
( 265, 91, 140 )
( 91, 265, 140 )
( 265, 91, 140 )
( 140, 91, 265 )
( 91, 246, 218 )
( 132, 150, 22 )
( 22, 150, 94 )
( 162, 146, 17 )
( 146, 94, 17 )
( 146, 100, 22 )
( 146, 22, 94 )
( 100, 17, 22 )
( 17, 132, 22 )
( 132, 17, 73 )
( 73, 17, 150 )
( 17, 94, 150 )
( 100, 162, 17 )
( 150, 132, 73 )
( 100, 146, 162 )
( 190, 275, 192 )
( 190, 192, 289 )
( 274, 171, 295 )
( 274, 295, 185 )
( 274, 185, 79 )
( 106, 275, 190 )
( 106, 276, 275 )
( 113, 106, 276 )
( 276, 106, 107 )
( 106, 190, 75 )
( 75, 190, 289 )
( 106, 113, 182 )
( 137, 182, 171 )
( 75, 137, 274 )
( 106, 75, 274 )
( 106, 274, 185 )
( 137, 171, 274 )
( 182, 165, 171 )
( 182, 134, 165 )
( 185, 274, 79 )
( 192, 107, 106 )
( 192, 106, 75 )
( 289, 192, 75 )
( 182, 137, 75 )
( 182, 75, 106 )
( 185, 295, 165 )
( 185, 165, 134 )
( 295, 171, 155 )
( 295, 155, 165 )
( 165, 155, 171 )
( 182, 185, 134 )
( 113, 106, 182 )
( 182, 106, 185 )
( 276, 106, 113 )
( 192, 275, 107 )
( 275, 276, 107 )
( 123, 262, 268 )
( 206, 141, 123 )
( 206, 147, 141 )
( 147, 206, 123 )
( 147, 262, 141 )
( 147, 123, 268 )
( 262, 123, 141 )
( 262, 147, 268 )
( 268, 290 )
( 287, 176 )
( 138, 41 )
( 269, 26 )
( 261, 180 )
( 57, 187 )
( 184, 191 )
( 106, 182 )
( 135, 136 )
( 22, 94 )
( 66, 219 )
( 100, 17 )
( 153, 144 )
( 41, 138 )
( 166, 161 )
( 105, 99 )
( 248, 263 )
( 180, 261 )
( 280, 95 )
( 153, 143 )
( 133, 70 )
( 149, 1 )
( 0, 14 )
( 263, 248 )
( 98, 99 )
( 265, 140 )
( 283, 94 )
( 88, 90 )
( 172, 13 )
( 141, 206 )
( 206, 147 )
( 157, 163 )
( 183, 184 )
( 133, 16 )
( 143, 145 )
( 20, 18 )
( 249, 266 )
( 77, 80 )
( 185, 79 )
( 104, 113 )
( 55, 74 )
( 227, 228 )
( 292, 205 )
( 296, 270 )
( 212, 214 )
( 39, 30 )
( 177, 160 )
( 37, 32 )
( 228, 250 )
( 263, 232 )
( 95, 280 )
( 54, 40 )
( 129, 131 )
( 76, 78 )
( 57, 130 )
( 272, 271 )
( 153, 149 )
( 166, 161 )
( 43, 42 )
( 47, 71 )
( 92, 93 )
( 53, 67 )
( 274, 137 )
( 126, 283 )
( 248, 179 )
( 83, 85 )
( 216, 277 )
( 67, 69 )
( 256, 228 )
( 25, 24 )
( 240, 298 )
( 186, 188 )
( 49, 52 )
( 24, 23 )
( 122, 125 )
( 110, 297 )
( 63, 47 )
( 271, 291 )
( 227, 230 )
( 232, 273 )
( 16, 118 )
( 214, 189 )
( 210, 212 )
( 280, 112 )
( 65, 211 )
( 100, 146 )
( 238, 243 )
( 244, 299 )
( 74, 55 )
( 280, 148 )
( 197, 211 )
( 216, 288 )
( 298, 213 )
( 137, 171 )
( 248, 235 )
( 53, 54 )
( 240, 298 )
( 250, 243 )
( 42, 61 )
( 43, 44 )
( 238, 243 )
( 112, 111 )
( 2, 0 )
( 128, 13 )
( 252, 220 )
( 29, 215 )
( 137, 171 )
( 209, 202 )
( 288, 292 )
( 199, 196 )
( 68, 74 )
( 48, 121 )
( 147, 206 )
( 215, 231 )
( 266, 282 )
( 220, 119 )
( 233, 237 )
( 192, 279 )
( 150, 73 )
( 61, 72 )
( 96, 298 )
( 222, 54 )
( 142, 211 )
( 157, 58 )
( 102, 156 )
( 57, 130 )
( 56, 86 )
( 55, 154 )
( 151, 19 )
( 172, 50 )
( 255, 70 )
( 236, 238 )
( 289, 75 )
( 50, 294 )
( 247, 198 )
( 190, 275 )
( 114, 117 )
( 152, 60 )
 ==================== 
